1 
2 
3 
4 
5 
6 
7 
8 
9 
10 
11 
12 
13 
14 
15 
16 
17 
18 
19 
20 
21 
22 
23 
24 
25 
26 
27 
28 
29 
30 
31 
32 
33 
34 
35 
36 
37 
38 
39 
40 
41 
42 
43 
44 
45 
46 
47 
48 
49 
50 
51 
52 
53 
54 
55 
56 
57 
58 
59 
60 
61 
62 
63 
64 
65 
66 
67 
68 
69 
70 
71 
72 
73 
74 
75 
76 
77 
78 
79 
80 
81 
82 
83 
84 
85 
86 
87 
88 
89 
90 
91 
92 
93 
94 
95 
96 
97 
98 
99 
100 
1 11
1 17
1 23
1 35
1 39
1 41
1 44
1 47
1 49
1 53
1 55
1 62
1 65
1 71
1 74
1 77
1 79
1 95
1 97
1 99
2 10
2 16
2 22
2 34
2 38
2 40
2 43
2 46
2 48
2 52
2 54
2 61
2 64
2 70
2 73
2 76
2 78
2 94
2 96
2 98
2 100
3 9
3 15
3 21
3 33
3 37
3 39
3 42
3 45
3 47
3 51
3 53
3 60
3 63
3 69
3 72
3 75
3 77
3 93
3 95
3 97
3 99
4 8
4 14
4 20
4 32
4 36
4 38
4 41
4 44
4 46
4 50
4 52
4 59
4 62
4 68
4 71
4 74
4 76
4 92
4 94
4 96
4 98
5 7
5 13
5 19
5 31
5 35
5 37
5 40
5 43
5 45
5 49
5 51
5 58
5 61
5 67
5 70
5 73
5 75
5 91
5 93
5 95
5 97
6 12
6 18
6 30
6 34
6 36
6 39
6 42
6 44
6 48
6 50
6 57
6 60
6 66
6 69
6 72
6 74
6 90
6 92
6 94
6 96
7 11
7 17
7 29
7 33
7 35
7 38
7 41
7 43
7 47
7 49
7 56
7 59
7 65
7 68
7 71
7 73
7 89
7 91
7 93
7 95
8 10
8 16
8 28
8 32
8 34
8 37
8 40
8 42
8 46
8 48
8 55
8 58
8 64
8 67
8 70
8 72
8 88
8 90
8 92
8 94
8 100
9 15
9 27
9 31
9 33
9 36
9 39
9 41
9 45
9 47
9 54
9 57
9 63
9 66
9 69
9 71
9 87
9 89
9 91
9 93
9 99
10 14
10 26
10 30
10 32
10 35
10 38
10 40
10 44
10 46
10 53
10 56
10 62
10 65
10 68
10 70
10 86
10 88
10 90
10 92
10 98
10 100
11 13
11 25
11 29
11 31
11 34
11 37
11 39
11 43
11 45
11 52
11 55
11 61
11 64
11 67
11 69
11 85
11 87
11 89
11 91
11 97
11 99
12 24
12 28
12 30
12 33
12 36
12 38
12 42
12 44
12 51
12 54
12 60
12 63
12 66
12 68
12 84
12 86
12 88
12 90
12 96
12 98
12 100
13 23
13 27
13 29
13 32
13 35
13 37
13 41
13 43
13 50
13 53
13 59
13 62
13 65
13 67
13 83
13 85
13 87
13 89
13 95
13 97
13 99
14 22
14 26
14 28
14 31
14 34
14 36
14 40
14 42
14 49
14 52
14 58
14 61
14 64
14 66
14 82
14 84
14 86
14 88
14 94
14 96
14 98
14 100
15 21
15 25
15 27
15 30
15 33
15 35
15 39
15 41
15 48
15 51
15 57
15 60
15 63
15 65
15 81
15 83
15 85
15 87
15 93
15 95
15 97
15 99
16 20
16 24
16 26
16 29
16 32
16 34
16 38
16 40
16 47
16 50
16 56
16 59
16 62
16 64
16 80
16 82
16 84
16 86
16 92
16 94
16 96
16 98
17 19
17 23
17 25
17 28
17 31
17 33
17 37
17 39
17 46
17 49
17 55
17 58
17 61
17 63
17 79
17 81
17 83
17 85
17 91
17 93
17 95
17 97
18 22
18 24
18 27
18 30
18 32
18 36
18 38
18 45
18 48
18 54
18 57
18 60
18 62
18 78
18 80
18 82
18 84
18 90
18 92
18 94
18 96
19 21
19 23
19 26
19 29
19 31
19 35
19 37
19 44
19 47
19 53
19 56
19 59
19 61
19 77
19 79
19 81
19 83
19 89
19 91
19 93
19 95
20 22
20 25
20 28
20 30
20 34
20 36
20 43
20 46
20 52
20 55
20 58
20 60
20 76
20 78
20 80
20 82
20 88
20 90
20 92
20 94
21 24
21 27
21 29
21 33
21 35
21 42
21 45
21 51
21 54
21 57
21 59
21 75
21 77
21 79
21 81
21 87
21 89
21 91
21 93
22 23
22 26
22 28
22 32
22 34
22 41
22 44
22 50
22 53
22 56
22 58
22 74
22 76
22 78
22 80
22 86
22 88
22 90
22 92
23 25
23 27
23 31
23 33
23 40
23 43
23 49
23 52
23 55
23 57
23 73
23 75
23 77
23 79
23 85
23 87
23 89
23 91
24 26
24 30
24 32
24 39
24 42
24 48
24 51
24 54
24 56
24 72
24 74
24 76
24 78
24 84
24 86
24 88
24 90
25 29
25 31
25 38
25 41
25 47
25 50
25 53
25 55
25 71
25 73
25 75
25 77
25 83
25 85
25 87
25 89
26 28
26 30
26 37
26 40
26 46
26 49
26 52
26 54
26 70
26 72
26 74
26 76
26 82
26 84
26 86
26 88
27 29
27 36
27 39
27 45
27 48
27 51
27 53
27 69
27 71
27 73
27 75
27 81
27 83
27 85
27 87
28 35
28 38
28 44
28 47
28 50
28 52
28 68
28 70
28 72
28 74
28 80
28 82
28 84
28 86
29 34
29 37
29 43
29 46
29 49
29 51
29 67
29 69
29 71
29 73
29 79
29 81
29 83
29 85
30 33
30 36
30 42
30 45
30 48
30 50
30 66
30 68
30 70
30 72
30 78
30 80
30 82
30 84
30 100
31 32
31 35
31 41
31 44
31 47
31 49
31 65
31 67
31 69
31 71
31 77
31 79
31 81
31 83
31 99
32 34
32 40
32 43
32 46
32 48
32 64
32 66
32 68
32 70
32 76
32 78
32 80
32 82
32 98
33 39
33 42
33 45
33 47
33 63
33 65
33 67
33 69
33 75
33 77
33 79
33 81
33 97
34 38
34 41
34 44
34 46
34 62
34 64
34 66
34 68
34 74
34 76
34 78
34 80
34 96
35 37
35 40
35 43
35 45
35 61
35 63
35 65
35 67
35 73
35 75
35 77
35 79
35 95
35 100
36 39
36 42
36 44
36 60
36 62
36 64
36 66
36 72
36 74
36 76
36 78
36 94
36 99
37 38
37 41
37 43
37 59
37 61
37 63
37 65
37 71
37 73
37 75
37 77
37 93
37 98
38 40
38 42
38 58
38 60
38 62
38 64
38 70
38 72
38 74
38 76
38 92
38 97
38 100
39 41
39 57
39 59
39 61
39 63
39 69
39 71
39 73
39 75
39 91
39 96
39 99
40 56
40 58
40 60
40 62
40 68
40 70
40 72
40 74
40 90
40 95
40 98
41 55
41 57
41 59
41 61
41 67
41 69
41 71
41 73
41 89
41 94
41 97
42 54
42 56
42 58
42 60
42 66
42 68
42 70
42 72
42 88
42 93
42 96
43 53
43 55
43 57
43 59
43 65
43 67
43 69
43 71
43 87
43 92
43 95
44 52
44 54
44 56
44 58
44 64
44 66
44 68
44 70
44 86
44 91
44 94
44 100
45 51
45 53
45 55
45 57
45 63
45 65
45 67
45 69
45 85
45 90
45 93
45 99
46 50
46 52
46 54
46 56
46 62
46 64
46 66
46 68
46 84
46 89
46 92
46 98
47 49
47 51
47 53
47 55
47 61
47 63
47 65
47 67
47 83
47 88
47 91
47 97
47 100
48 50
48 52
48 54
48 60
48 62
48 64
48 66
48 82
48 87
48 90
48 96
48 99
49 51
49 53
49 59
49 61
49 63
49 65
49 81
49 86
49 89
49 95
49 98
50 52
50 58
50 60
50 62
50 64
50 80
50 85
50 88
50 94
50 97
51 57
51 59
51 61
51 63
51 79
51 84
51 87
51 93
51 96
52 56
52 58
52 60
52 62
52 78
52 83
52 86
52 92
52 95
53 55
53 57
53 59
53 61
53 77
53 82
53 85
53 91
53 94
54 56
54 58
54 60
54 76
54 81
54 84
54 90
54 93
55 57
55 59
55 75
55 80
55 83
55 89
55 92
56 58
56 74
56 79
56 82
56 88
56 91
56 100
57 73
57 78
57 81
57 87
57 90
57 99
58 72
58 77
58 80
58 86
58 89
58 98
59 71
59 76
59 79
59 85
59 88
59 97
60 70
60 75
60 78
60 84
60 87
60 96
60 100
61 69
61 74
61 77
61 83
61 86
61 95
61 99
62 68
62 73
62 76
62 82
62 85
62 94
62 98
62 100
63 67
63 72
63 75
63 81
63 84
63 93
63 97
63 99
64 66
64 71
64 74
64 80
64 83
64 92
64 96
64 98
65 70
65 73
65 79
65 82
65 91
65 95
65 97
66 69
66 72
66 78
66 81
66 90
66 94
66 96
67 68
67 71
67 77
67 80
67 89
67 93
67 95
68 70
68 76
68 79
68 88
68 92
68 94
69 75
69 78
69 87
69 91
69 93
70 74
70 77
70 86
70 90
70 92
70 100
71 73
71 76
71 85
71 89
71 91
71 99
72 75
72 84
72 88
72 90
72 98
73 74
73 83
73 87
73 89
73 97
74 82
74 86
74 88
74 96
74 100
75 81
75 85
75 87
75 95
75 99
75 100
76 80
76 84
76 86
76 94
76 98
76 99
76 100
77 79
77 83
77 85
77 93
77 97
77 98
77 99
78 82
78 84
78 92
78 96
78 97
78 98
79 81
79 83
79 91
79 95
79 96
79 97
80 82
80 90
80 94
80 95
80 96
81 89
81 93
81 94
81 95
82 88
82 92
82 93
82 94
83 87
83 91
83 92
83 93
84 86
84 90
84 91
84 92
85 89
85 90
85 91
86 88
86 89
86 90
86 100
87 88
87 89
87 99
88 98
89 97
89 100
90 96
90 99
90 100
91 95
91 98
91 99
92 94
92 97
92 98
92 100
93 96
93 97
93 99
94 95
94 96
94 98
95 97
96 100
97 99
